1, 25, 25, 256, 152, 145
2, 25, 25, 256, 154, 145
3, 25, 25, 257, 153, 144
4, 25, 25, 261, 149, 152
5, 25, 25, 257, 151, 146
6, 25, 25, 259, 151, 150
7, 25, 25, 257, 153, 144
8, 25, 25, 260, 153, 145
9, 25, 25, 259, 152, 146
10, 25, 25, 257, 150, 147
11, 25, 25, 259, 152, 149
12, 25, 25, 259, 151, 148
13, 25, 25, 258, 153, 143
14, 25, 25, 261, 155, 147
15, 25, 25, 261, 152, 147
16, 25, 25, 255, 151, 145
17, 25, 25, 261, 154, 148
18, 25, 25, 261, 153, 145
19, 25, 25, 260, 153, 149
20, 25, 25, 257, 152, 148
21, 25, 25, 263, 154, 150
22, 25, 25, 259, 150, 149
23, 25, 25, 261, 157, 147
24, 25, 25, 261, 152, 145
25, 25, 25, 257, 154, 144
26, 25, 25, 259, 152, 147
27, 25, 25, 257, 149, 143
28, 25, 25, 260, 152, 146
29, 25, 25, 259, 153, 144
30, 25, 25, 259, 152, 145
31, 25, 25, 259, 153, 144
32, 25, 25, 263, 155, 148
33, 25, 25, 259, 149, 145
34, 25, 25, 259, 152, 146
35, 25, 25, 259, 153, 147
36, 25, 25, 257, 154, 148
37, 25, 25, 261, 151, 147
38, 25, 25, 259, 151, 144
39, 25, 25, 261, 153, 148
40, 25, 25, 261, 151, 147
41, 25, 25, 261, 151, 145
42, 25, 25, 259, 153, 147
43, 25, 25, 265, 156, 151
44, 25, 25, 257, 152, 143
45, 25, 25, 263, 153, 146
46, 25, 25, 258, 152, 147
47, 25, 25, 270, 152, 155
48, 25, 25, 257, 154, 144
49, 25, 25, 261, 153, 147
50, 25, 25, 255, 153, 142
51, 25, 25, 261, 153, 146
52, 25, 25, 270, 149, 156
53, 25, 25, 258, 154, 146
54, 25, 25, 257, 151, 146
55, 25, 25, 261, 156, 143
56, 25, 25, 260, 154, 148
57, 25, 25, 270, 152, 156
58, 25, 25, 261, 153, 148
59, 25, 25, 259, 156, 143
60, 25, 25, 261, 154, 148
61, 25, 25, 265, 154, 149
62, 25, 25, 259, 155, 146
63, 25, 25, 257, 154, 146
64, 25, 25, 261, 151, 143
65, 25, 25, 261, 151, 144
66, 25, 25, 262, 154, 147
67, 25, 25, 259, 151, 145
68, 25, 25, 263, 155, 151
69, 25, 25, 263, 151, 152
70, 25, 25, 265, 153, 148
71, 25, 25, 259, 153, 145
72, 25, 25, 261, 150, 147
73, 25, 25, 272, 152, 159
74, 25, 25, 272, 152, 155
75, 25, 25, 263, 154, 145
76, 25, 25, 260, 152, 145
77, 25, 25, 259, 152, 145
78, 25, 25, 261, 153, 146
79, 25, 25, 261, 155, 151
80, 25, 25, 261, 151, 148
81, 25, 25, 261, 154, 145
82, 25, 25, 263, 153, 148
83, 25, 25, 270, 151, 156
84, 25, 25, 261, 149, 144
85, 25, 25, 263, 155, 148
86, 25, 25, 259, 155, 147
87, 25, 25, 259, 153, 144
88, 25, 25, 268, 148, 154
89, 25, 25, 260, 154, 146
90, 25, 25, 261, 152, 147
91, 25, 25, 259, 154, 148
92, 25, 25, 269, 150, 158
93, 25, 25, 261, 151, 150
94, 25, 25, 257, 155, 144
95, 25, 25, 261, 154, 147
96, 25, 25, 268, 151, 153
97, 25, 25, 258, 154, 144
98, 25, 25, 259, 152, 148
99, 25, 25, 257, 153, 146
100, 25, 25, 265, 153, 151
101, 25, 25, 255, 152, 150
102, 25, 25, 255, 155, 146
103, 25, 25, 256, 150, 159
104, 25, 25, 256, 151, 157
105, 25, 25, 256, 155, 166
106, 25, 25, 257, 150, 158
107, 25, 25, 257, 156, 154
108, 25, 25, 257, 149, 161
109, 25, 25, 258, 149, 158
110, 25, 25, 258, 160, 155
111, 25, 25, 258, 163, 145
112, 25, 25, 259, 160, 146
113, 25, 25, 259, 147, 157
114, 25, 25, 259, 149, 154
115, 25, 25, 259, 153, 152
116, 25, 25, 260, 160, 153
117, 25, 25, 261, 157, 154
118, 25, 25, 261, 153, 163
119, 25, 25, 261, 158, 159
120, 25, 25, 262, 153, 158
121, 25, 25, 262, 154, 159
122, 25, 25, 262, 158, 162
123, 25, 25, 262, 156, 161
124, 25, 25, 263, 163, 159
125, 25, 25, 264, 158, 159
126, 25, 25, 264, 162, 148
127, 25, 25, 265, 170, 166
128, 25, 25, 265, 160, 155
129, 25, 25, 266, 170, 163
130, 25, 25, 266, 155, 163
131, 25, 25, 266, 152, 161
132, 25, 25, 270, 158, 164
133, 25, 25, 273, 165, 172
134, 25, 25, 275, 168, 158
135, 25, 25, 250, 160, 159
136, 25, 25, 248, 156, 157
137, 25, 25, 264, 164, 162
138, 25, 25, 263, 165, 163
139, 25, 25, 240, 157, 154
140, 25, 25, 238, 142, 150
141, 25, 25, 235, 149, 148
142, 25, 25, 251, 156, 151
143, 25, 25, 256, 151, 168
144, 25, 25, 248, 147, 147
145, 25, 25, 232, 148, 143
146, 25, 25, 254, 152, 154
147, 25, 25, 242, 155, 143
148, 25, 25, 245, 156, 151
149, 25, 25, 254, 147, 153
150, 25, 25, 259, 153, 160
151, 25, 25, 253, 159, 148
152, 25, 25, 216, 148, 146
153, 25, 25, 257, 157, 149
154, 25, 25, 256, 155, 155
155, 25, 25, 253, 156, 154
156, 25, 25, 263, 167, 175
157, 25, 25, 253, 156, 159
158, 25, 25, 253, 154, 150
159, 25, 25, 253, 157, 150
160, 25, 25, 256, 160, 151
161, 25, 25, 241, 149, 141
162, 25, 25, 259, 157, 167
163, 25, 25, 245, 155, 150
164, 25, 25, 255, 151, 148
165, 25, 25, 248, 141, 150
166, 25, 25, 251, 158, 149
167, 25, 25, 231, 135, 149
168, 25, 25, 255, 151, 154
169, 25, 25, 251, 155, 152
170, 25, 25, 259, 147, 153
171, 25, 25, 244, 148, 158
172, 25, 25, 250, 156, 148
173, 25, 25, 252, 147, 143
174, 25, 25, 255, 147, 150
175, 25, 25, 254, 161, 157
176, 25, 25, 242, 152, 145
177, 25, 25, 258, 154, 163
178, 25, 25, 252, 159, 164
179, 25, 25, 255, 158, 147
180, 25, 25, 261, 156, 156
181, 25, 25, 227, 148, 142
182, 25, 25, 251, 156, 156
183, 25, 25, 239, 157, 155
184, 25, 25, 249, 151, 156
185, 25, 25, 260, 153, 155
186, 25, 25, 259, 153, 162
187, 25, 25, 237, 146, 147
188, 25, 25, 254, 147, 146
189, 25, 25, 243, 153, 147
190, 25, 25, 243, 143, 153
191, 25, 25, 248, 145, 153
192, 25, 25, 246, 146, 153
193, 25, 25, 257, 151, 161
194, 25, 25, 238, 149, 140
195, 25, 25, 264, 171, 163
196, 25, 25, 243, 156, 150
197, 25, 25, 214, 151, 146
198, 25, 25, 252, 154, 154
199, 25, 25, 244, 146, 156
200, 25, 25, 252, 156, 161
201, 25, 25, 275, 157, 167
202, 25, 25, 276, 160, 172
203, 25, 25, 263, 158, 164
204, 25, 25, 275, 168, 159
205, 25, 25, 272, 151, 154
206, 25, 25, 274, 163, 156
207, 25, 25, 276, 154, 149
208, 25, 25, 285, 165, 161
209, 25, 25, 273, 161, 160
210, 25, 25, 276, 158, 154
211, 25, 25, 274, 162, 163
212, 25, 25, 282, 172, 160
213, 25, 25, 275, 168, 168
214, 25, 25, 279, 158, 148
215, 25, 25, 286, 156, 167
216, 25, 25, 271, 158, 164
217, 25, 25, 272, 154, 144
218, 25, 25, 277, 160, 157
219, 25, 25, 274, 168, 158
220, 25, 25, 274, 165, 153
221, 25, 25, 287, 162, 171
222, 25, 25, 273, 151, 167
223, 25, 25, 280, 166, 159
224, 25, 25, 284, 157, 167
225, 25, 25, 273, 167, 165
226, 25, 25, 276, 153, 169
227, 25, 25, 271, 169, 159
228, 25, 25, 286, 165, 154
229, 25, 25, 272, 157, 161
230, 25, 25, 278, 153, 162
231, 25, 25, 277, 166, 154
232, 25, 25, 276, 165, 153
233, 25, 25, 273, 150, 165
234, 25, 25, 264, 153, 154
235, 25, 25, 274, 160, 161
236, 25, 25, 285, 160, 161
237, 25, 25, 273, 157, 171
238, 25, 25, 283, 155, 169
239, 25, 25, 272, 156, 161
240, 25, 25, 286, 156, 160
241, 25, 25, 283, 163, 175
242, 25, 25, 282, 174, 158
243, 25, 25, 276, 159, 152
244, 25, 25, 277, 163, 153
245, 25, 25, 276, 170, 176
246, 25, 25, 273, 165, 159
247, 25, 25, 282, 161, 160
248, 25, 25, 275, 160, 160
249, 25, 25, 277, 163, 157
250, 25, 25, 276, 161, 155
251, 25, 25, 275, 170, 168
252, 25, 25, 272, 161, 154
253, 25, 25, 268, 157, 155
254, 25, 25, 274, 159, 159
255, 25, 25, 267, 163, 159
256, 25, 25, 268, 163, 166
257, 25, 25, 269, 155, 156
258, 25, 25, 283, 164, 162
259, 25, 25, 275, 163, 167
260, 25, 25, 274, 167, 169
261, 25, 25, 268, 165, 152
262, 25, 25, 278, 168, 155
263, 25, 25, 274, 151, 158
264, 25, 25, 273, 162, 153
265, 25, 25, 274, 156, 167
266, 25, 25, 266, 163, 147
267, 25, 25, 274, 154, 160
268, 25, 25, 273, 157, 150
269, 25, 25, 279, 160, 164
270, 25, 25, 265, 155, 153
271, 25, 25, 277, 160, 163
272, 25, 25, 272, 156, 153
273, 25, 25, 272, 165, 153
274, 25, 25, 277, 155, 145
275, 25, 25, 281, 161, 167
276, 25, 25, 274, 161, 166
277, 25, 25, 276, 155, 158
278, 25, 25, 273, 163, 156
279, 25, 25, 268, 154, 156
280, 25, 25, 272, 159, 154
281, 25, 25, 279, 159, 158
282, 25, 25, 283, 158, 167
283, 25, 25, 271, 162, 152
284, 25, 25, 278, 161, 165
285, 25, 25, 273, 160, 153
286, 25, 25, 276, 164, 157
287, 25, 25, 279, 163, 154
288, 25, 25, 279, 170, 159
289, 25, 25, 282, 152, 158
290, 25, 25, 268, 151, 158
291, 25, 25, 285, 166, 157
292, 25, 25, 271, 160, 155
293, 25, 25, 277, 159, 172
294, 25, 25, 283, 160, 161
295, 25, 25, 271, 154, 145
296, 25, 25, 283, 164, 173
297, 25, 25, 278, 153, 157
298, 25, 25, 275, 170, 175
299, 25, 25, 274, 162, 162
300, 25, 25, 277, 168, 164
